function [colors] = colors()

colors.blue1 = [139 189 249]/255;
colors.blue2 = [65 146 245]/255;
colors.blue3 = [12 107 222]/255;
colors.blue4 = [9 84 175]/255;

colors.lightblue1 = [139 214 249]/255;
colors.lightblue2 = [65 201 245]/255;
colors.lightblue3 = [12 180 222]/255;

colors.sapphire1 = [133 153 255]/255;
colors.sapphire2 = [83 83 255]/255;
colors.sapphire3 = [0 0 255]/255;
colors.sapphire4 = [0 0 154]/255;

colors.red1 = [253 111 111]/255;
colors.red2 = [252 44 44]/255;
colors.red3 = [186 2 2]/255;
colors.red4 = [133 1 1]/255;

colors.lightred1 = [253 140 111]/255;
colors.lightred2 = [252 102 44]/255;
colors.lightred3 = [186 91 2]/255;

colors.green1 = [37 255 37]/255;
colors.green2 = [0 208 0]/255;
colors.green3 = [0 130 0]/255;
colors.green4 = [0 100 0]/255;

colors.pine1 = [138 184 153]/255;
colors.pine2 = [87 143 106]/255;
colors.pine3 = [61 103 75]/255;
colors.pine4 = [49 81 60]/255;

colors.leaf1 = [139 246 134]/255;
colors.leaf2 = [25 214 16]/255;
colors.leaf3 = [3 114 8]/255;

colors.purple1 = [217 145 249]/255;
colors.purple2 = [191 69 245]/255;
colors.purple3 = [121 9 171]/255;
colors.purple4 = [90 7 127]/255;

colors.magenta1 = [249 145 229]/255;
colors.magenta2 = [244 74 212]/255;
colors.magenta3 = [174 10 143]/255;
colors.magenta4 = [115 7 90]/255;

colors.navy = [50 51 92]/255;

colors.gold1 = [204 153 0]/255;
colors.gold2 = [154 114 0]/255;
colors.gold3 = [126 93 0]/255;

colors.teal1 = [59 255 180]/255;
colors.teal2 = [0 208 152]/255;
colors.teal3 = [0 164 121]/255;
colors.teal4 = [0 134 99]/255;

colors.turqoise1 = [106 180 175]/255;
colors.turqoise2 = [71 139 134]/255;
colors.turqoise3 = [56 110 106]/255;
colors.turqoise4 = [40 80 76]/255;

colors.skyblue1 = [138 165 204]/255;
colors.skyblue2 = [72 110 166]/255;
colors.skyblue3 = [53 81 123]/255;
colors.skyblue4 = [37 56 85]/255;

colors.gray1 = [242 242 242]/255;
colors.gray2 = [192 192 192]/255;
colors.gray3 = [150 150 150]/255;
colors.gray4 = [95 95 95]/255;

colors.orange1 = [255 185 133]/255;
colors.orange2 = [255 114 9]/255;
colors.orange3 = [204 86 0]/255;
colors.orange4 = [150 64 0]/255;

colors.pink = [255 0 102]/255;

colors.gradient1 = [151 24 164]/255;
colors.gradient2 = [80 35 191]/255;
colors.gradient3 = [11 106 128]/255;
colors.gradient4 = [10 108 17]/255;
colors.gradient5 = [159 128 13]/255;
colors.gradient6 = [190 81 18]/255;

colors.rust1 = [220 188 186]/255;
colors.rust2 = [195 143 139]/255;
colors.rust3 = [169 93 87]/255;
colors.rust4 = [130 63 58]/255;
colors.rust5 = [93 45 41]/255;

colors.violet1 = [223 193 255]/255;
colors.violet2 = [194 139 255]/255;
colors.violet3 = [169 91 255]/255;
colors.violet4 = [137 29 255]/255;
colors.violet5 = [91 0 192]/255;
colors.violet6 = [56 0 118]/255;

